75.011667
75.028333
75.045000
75.061667
75.078333
75.095000
75.111667
75.128333
75.145000
75.161667
75.178333
75.195000
75.213333
75.230000
75.246667
75.263333
75.280000
75.296667
75.313333
75.330000
75.346667
75.363333
75.380000
75.396667
75.413333
75.430000
75.446667
75.463333
75.480000
75.496667
75.513333
75.530000
75.546667
75.563333
75.580000
75.596667
75.613333
75.630000
75.646667
75.663333
75.680000
75.696667
75.713333
75.730000
75.746667
75.763333
75.780000
75.796667
75.813333
75.830000
75.846667
75.863333
75.880000
75.896667
75.913333
75.930000
75.946667
75.963333
75.980000
75.996667
76.013333
76.030000
76.046667
76.063333
76.080000
76.096667
76.113333
76.130000
76.146667
76.163333
76.180000
76.196667
76.213333
76.230000
76.246667
76.263333
76.280000
76.296667
76.313333
76.330000
76.346667
76.363333
76.380000
76.396667
76.413333
76.430000
76.446667
76.463333
76.480000
76.496667
76.513333
76.530000
76.546667
76.563333
76.580000
76.596667
76.613333
76.630000
76.646667
76.663333
76.680000
76.696667
76.713333
76.730000
76.746667
76.763333
76.780000
76.796667
76.813333
76.830000
76.846667
76.863333
76.880000
76.896667
76.913333
76.930000
76.946667
76.963333
76.980000
76.996667
77.013333
77.030000
77.046667
77.063333
77.080000
77.096667
77.113333
77.130000
77.146667
77.163333
77.180000
77.196667
77.213333
77.230000
77.246667
77.263333
77.280000
77.296667
77.313333
77.330000
77.346667
77.363333
77.380000
77.396667
77.413333
77.430000
77.446667
77.463333
77.480000
77.496667
77.513333
77.530000
77.546667
77.563333
77.580000
77.596667
77.613333
77.630000
77.646667
77.663333
77.680000
77.696667
77.713333
77.730000
77.746667
77.763333
77.780000
77.796667
77.813333
77.830000
77.846667
77.863333
77.880000
77.898333
77.915000
77.931667
77.948333
77.965000
77.981667
77.998333
78.015000
78.031667
78.048333
78.065000
78.081667
78.098333
78.115000
78.131667
78.148333
78.165000
78.181667
78.198333
78.215000
78.231667
78.248333
78.265000
78.281667
78.298333
78.315000
78.331667
78.348333
78.365000
78.381667
78.398333
78.415000
78.431667
78.448333
78.465000
78.481667
78.498333
78.515000
78.531667
78.548333
78.565000
78.581667
78.598333
78.615000
78.631667
78.648333
78.665000
78.681667
78.698333
78.715000
78.731667
78.748333
78.765000
78.781667
78.798333
78.815000
78.831667
78.848333
78.865000
78.881667
78.898333
78.915000
78.931667
78.948333
78.965000
78.981667
78.998333
